### Snapshot:  10
Params:  [-1.41035692  2.21011673  0.58196791]
Cov. matrix:  [[  3.77912517e-02  -2.85555804e-02  -2.30441378e-03]
 [ -2.85555804e-02   5.95422200e-01  -5.72640804e-03]
 [ -2.30441378e-03  -5.72640804e-03   2.56483242e-04]]
### Snapshot:  11
Params:  [-0.7932877   1.79671978  0.54415688]
Cov. matrix:  [[  1.96382482e-02   2.69365603e-02  -1.82768766e-03]
 [  2.69365603e-02   2.37732570e-01  -3.91906133e-03]
 [ -1.82768766e-03  -3.91906133e-03   1.96728186e-04]]
### Snapshot:  12
Params:  [-1.0985107   2.08934051  0.55961281]
Cov. matrix:  [[  1.10413590e-02   7.09983147e-03  -9.06947458e-04]
 [  7.09983147e-03   1.85708305e-01  -2.41661016e-03]
 [ -9.06947458e-04  -2.41661016e-03   1.01424503e-04]]
### Snapshot:  13
Params:  [-1.16582796  2.26925449  0.56019382]
Cov. matrix:  [[  7.75972948e-03   4.85137665e-04  -5.39766668e-04]
 [  4.85137665e-04   1.32635872e-01  -1.29635104e-03]
 [ -5.39766668e-04  -1.29635104e-03   5.52058344e-05]]
### Snapshot:  14
Params:  [-1.28414596  2.10061903  0.56699574]
Cov. matrix:  [[  6.05826047e-03  -1.90771775e-03  -4.22732634e-04]
 [ -1.90771775e-03   7.50060652e-02  -9.25194792e-04]
 [ -4.22732634e-04  -9.25194792e-04   4.90393005e-05]]
### Snapshot:  15
Params:  [-1.32371504  2.07799728  0.56938078]
Cov. matrix:  [[  4.79749945e-03  -3.40404926e-03  -2.96032451e-04]
 [ -3.40404926e-03   6.39425342e-02  -8.01973462e-04]
 [ -2.96032451e-04  -8.01973462e-04   3.87417531e-05]]
### Snapshot:  16
Params:  [-1.20556261  2.21519271  0.55495456]
Cov. matrix:  [[  3.28260109e-03  -2.91988180e-04  -2.23065550e-04]
 [ -2.91988180e-04   5.29122687e-02  -6.19670609e-04]
 [ -2.23065550e-04  -6.19670609e-04   2.54077593e-05]]
### Snapshot:  17
Params:  [-1.3182095   2.97612971  0.55086881]
Cov. matrix:  [[  3.33945532e-03   1.89599321e-03  -2.20671615e-04]
 [  1.89599321e-03   6.88729722e-02  -6.55961647e-04]
 [ -2.20671615e-04  -6.55961647e-04   2.02946402e-05]]
### Snapshot:  18
Params:  [-1.27909012  2.85191864  0.5482979 ]
Cov. matrix:  [[  2.60270783e-03   5.50141577e-04  -1.64750987e-04]
 [  5.50141577e-04   4.98596564e-02  -4.44978094e-04]
 [ -1.64750987e-04  -4.44978094e-04   1.51065211e-05]]
### Snapshot:  19
Params:  [-1.35245462  3.34591365  0.54389662]
Cov. matrix:  [[  2.63539609e-03   9.04361945e-04  -1.58208138e-04]
 [  9.04361945e-04   6.15089742e-02  -4.51622116e-04]
 [ -1.58208138e-04  -4.51622116e-04   1.30887917e-05]]
### Snapshot:  20
Params:  [-1.36519312  3.39986186  0.54081784]
Cov. matrix:  [[  2.17487700e-03   7.30516483e-04  -1.30921366e-04]
 [  7.30516483e-04   4.95257506e-02  -3.60311103e-04]
 [ -1.30921366e-04  -3.60311103e-04   1.07177612e-05]]
### Snapshot:  21
Params:  [-1.43322908  4.01591818  0.5404405 ]
Cov. matrix:  [[  2.21643383e-03   1.45057756e-03  -1.27444848e-04]
 [  1.45057756e-03   6.32954609e-02  -4.06793718e-04]
 [ -1.27444848e-04  -4.06793718e-04   9.64752732e-06]]
### Snapshot:  22
Params:  [-1.41678975  4.18506892  0.53390949]
Cov. matrix:  [[  1.81762993e-03   1.28795670e-03  -1.00891852e-04]
 [  1.28795670e-03   5.84392269e-02  -3.29986726e-04]
 [ -1.00891852e-04  -3.29986726e-04   7.24726446e-06]]
### Snapshot:  23
Params:  [-1.49396787  4.20190944  0.53525474]
Cov. matrix:  [[  1.50396622e-03   7.68266875e-04  -8.24271473e-05]
 [  7.68266875e-04   4.50021010e-02  -2.63091399e-04]
 [ -8.24271473e-05  -2.63091399e-04   6.02039258e-06]]
### Snapshot:  24
Params:  [-1.55101655  3.87073872  0.53667742]
Cov. matrix:  [[  1.22885204e-03   1.53894215e-04  -6.71484291e-05]
 [  1.53894215e-04   2.66866651e-02  -1.72843799e-04]
 [ -6.71484291e-05  -1.72843799e-04   5.04984019e-06]]
### Snapshot:  25
Params:  [-1.57073753  4.08617475  0.53323915]
Cov. matrix:  [[  1.21028671e-03   2.56511603e-04  -6.63236795e-05]
 [  2.56511603e-04   2.47341079e-02  -1.57764253e-04]
 [ -6.63236795e-05  -1.57764253e-04   4.80109535e-06]]
### Snapshot:  26
Params:  [-1.65969095  4.50741985  0.53252323]
Cov. matrix:  [[  1.06550198e-03   2.60825749e-04  -5.58426403e-05]
 [  2.60825749e-04   2.41493414e-02  -1.39721478e-04]
 [ -5.58426403e-05  -1.39721478e-04   3.83393619e-06]]
### Snapshot:  27
Params:  [-1.67288534  3.98270516  0.53276862]
Cov. matrix:  [[  9.19173097e-04   2.64671309e-04  -5.04014408e-05]
 [  2.64671309e-04   1.73690073e-02  -1.29462086e-04]
 [ -5.04014408e-05  -1.29462086e-04   3.77366730e-06]]
### Snapshot:  28
Params:  [-1.78465144  3.7015992   0.53637612]
Cov. matrix:  [[  7.95470658e-04   7.52114141e-05  -4.34988398e-05]
 [  7.52114141e-05   1.32975097e-02  -1.11220580e-04]
 [ -4.34988398e-05  -1.11220580e-04   3.48423309e-06]]
### Snapshot:  29
Params:  [-1.77860624  4.17733331  0.53070717]
Cov. matrix:  [[  7.90660162e-04   2.62931580e-04  -4.25962430e-05]
 [  2.62931580e-04   1.58124646e-02  -1.14903036e-04]
 [ -4.25962430e-05  -1.14903036e-04   3.14142615e-06]]
### Snapshot:  30
Params:  [-1.83928718  4.29391768  0.53072627]
Cov. matrix:  [[  7.59400247e-04   2.15676240e-04  -4.04700192e-05]
 [  2.15676240e-04   1.53912806e-02  -1.11665677e-04]
 [ -4.04700192e-05  -1.11665677e-04   2.99477772e-06]]
### Snapshot:  31
Params:  [-1.88768869  4.47639881  0.5289588 ]
Cov. matrix:  [[  7.45120150e-04   1.64003262e-04  -3.88629721e-05]
 [  1.64003262e-04   1.48314744e-02  -1.01414854e-04]
 [ -3.88629721e-05  -1.01414854e-04   2.77607078e-06]]
### Snapshot:  32
Params:  [-1.91660231  4.8215677   0.52653708]
Cov. matrix:  [[  7.74286079e-04  -2.49846034e-06  -3.85782716e-05]
 [ -2.49846034e-06   1.49979066e-02  -8.47508906e-05]
 [ -3.85782716e-05  -8.47508906e-05   2.55947238e-06]]
### Snapshot:  33
Params:  [-1.97889757  4.52694379  0.52764803]
Cov. matrix:  [[  7.28238304e-04   2.37044306e-05  -3.73504735e-05]
 [  2.37044306e-05   1.21946757e-02  -8.19061084e-05]
 [ -3.73504735e-05  -8.19061084e-05   2.60583623e-06]]
### Snapshot:  34
Params:  [-2.01268367  4.75189744  0.52474213]
Cov. matrix:  [[  8.22871069e-04   7.33234401e-05  -4.19396186e-05]
 [  7.33234401e-05   1.40813061e-02  -9.15375877e-05]
 [ -4.19396186e-05  -9.15375877e-05   2.84980409e-06]]
### Snapshot:  35
Params:  [-2.10479994  4.98671915  0.52594436]
Cov. matrix:  [[  8.36248082e-04   6.23015399e-05  -4.20829419e-05]
 [  6.23015399e-05   1.41597304e-02  -9.22727015e-05]
 [ -4.20829419e-05  -9.22727015e-05   2.82786006e-06]]
### Snapshot:  36
Params:  [-2.13601469  5.57530625  0.52185237]
Cov. matrix:  [[  8.81122543e-04   1.38344117e-04  -4.30106578e-05]
 [  1.38344117e-04   1.64060360e-02  -9.43174471e-05]
 [ -4.30106578e-05  -9.43174471e-05   2.70120788e-06]]
### Snapshot:  37
Params:  [-2.1763524   5.60839985  0.5214096 ]
Cov. matrix:  [[  9.16334047e-04   5.37441292e-05  -4.41977326e-05]
 [  5.37441292e-05   1.57217015e-02  -9.08286975e-05]
 [ -4.41977326e-05  -9.08286975e-05   2.76150796e-06]]
### Snapshot:  38
Params:  [-2.31408668  5.30028292  0.52745669]
Cov. matrix:  [[  8.69083487e-04  -2.82606702e-05  -4.24440539e-05]
 [ -2.82606702e-05   1.20257486e-02  -8.38292542e-05]
 [ -4.24440539e-05  -8.38292542e-05   2.80823932e-06]]
### Snapshot:  39
Params:  [-2.22846832  5.06171406  0.52112274]
Cov. matrix:  [[  8.87661605e-04   9.09574035e-05  -4.45818805e-05]
 [  9.09574035e-05   1.13576837e-02  -8.74334198e-05]
 [ -4.45818805e-05  -8.74334198e-05   2.98806831e-06]]
### Snapshot:  40
Params:  [-2.34152608  4.9337929   0.52386044]
Cov. matrix:  [[  7.61520449e-04  -6.16124306e-05  -3.71481466e-05]
 [ -6.16124306e-05   9.26570631e-03  -7.25821228e-05]
 [ -3.71481466e-05  -7.25821228e-05   2.56082792e-06]]
### Snapshot:  41
Params:  [-2.4343233   5.13125294  0.52683052]
Cov. matrix:  [[  8.36176549e-04  -3.00032576e-05  -4.08557798e-05]
 [ -3.00032576e-05   1.02610775e-02  -8.19974002e-05]
 [ -4.08557798e-05  -8.19974002e-05   2.80817737e-06]]
### Snapshot:  42
Params:  [-2.4122183   5.47983121  0.52291726]
Cov. matrix:  [[  9.22657360e-04   2.81126629e-05  -4.45389193e-05]
 [  2.81126629e-05   1.18249991e-02  -8.69450321e-05]
 [ -4.45389193e-05  -8.69450321e-05   2.89642355e-06]]
### Snapshot:  43
Params:  [-2.40551246  5.92241127  0.51939894]
Cov. matrix:  [[  9.47667376e-04   2.21428155e-04  -4.59232552e-05]
 [  2.21428155e-04   1.31713077e-02  -9.48696839e-05]
 [ -4.59232552e-05  -9.48696839e-05   2.87699405e-06]]
### Snapshot:  44
Params:  [-2.38343893  5.89624197  0.51778459]
Cov. matrix:  [[  9.84712107e-04   3.03888895e-04  -4.86624238e-05]
 [  3.03888895e-04   1.34896107e-02  -1.02409999e-04]
 [ -4.86624238e-05  -1.02409999e-04   3.09081834e-06]]
### Snapshot:  45
Params:  [-2.41087853  5.87791934  0.51864916]
Cov. matrix:  [[  9.69626190e-04   1.98347720e-04  -4.74284786e-05]
 [  1.98347720e-04   1.33011612e-02  -9.82275299e-05]
 [ -4.74284786e-05  -9.82275299e-05   3.02769876e-06]]
### Snapshot:  46
Params:  [-2.41367142  6.09361353  0.51657816]
Cov. matrix:  [[  9.84951365e-04   1.72639187e-04  -4.71835828e-05]
 [  1.72639187e-04   1.40230301e-02  -9.67818511e-05]
 [ -4.71835828e-05  -9.67818511e-05   2.93103787e-06]]
### Snapshot:  47
Params:  [-2.39866764  6.21404235  0.51474538]
Cov. matrix:  [[  1.03028391e-03   1.11124375e-04  -4.83556172e-05]
 [  1.11124375e-04   1.50593894e-02  -9.75050259e-05]
 [ -4.83556172e-05  -9.75050259e-05   2.94648624e-06]]
### Snapshot:  48
Params:  [-2.46454966  6.36101686  0.5167759 ]
Cov. matrix:  [[  1.09197497e-03   1.95940134e-04  -5.13273278e-05]
 [  1.95940134e-04   1.55298307e-02  -1.05006497e-04]
 [ -5.13273278e-05  -1.05006497e-04   3.11510846e-06]]
### Snapshot:  49
Params:  [-2.45185324  6.24271144  0.51588148]
Cov. matrix:  [[  1.07453600e-03   8.16096156e-05  -4.98611553e-05]
 [  8.16096156e-05   1.54730031e-02  -1.01139093e-04]
 [ -4.98611553e-05  -1.01139093e-04   3.04320663e-06]]
### Snapshot:  50
Params:  [-2.52777106  5.80897662  0.5201071 ]
Cov. matrix:  [[  1.02273707e-03   2.49452875e-05  -4.84430052e-05]
 [  2.49452875e-05   1.30445953e-02  -9.83423848e-05]
 [ -4.84430052e-05  -9.83423848e-05   3.13853805e-06]]
### Snapshot:  51
Params:  [-2.60767814  5.76892962  0.52348716]
Cov. matrix:  [[  1.00459998e-03  -4.38331885e-06  -4.74797898e-05]
 [ -4.38331885e-06   1.24227978e-02  -9.70142522e-05]
 [ -4.74797898e-05  -9.70142522e-05   3.12684005e-06]]
### Snapshot:  52
Params:  [-2.59995405  5.71475943  0.52285534]
Cov. matrix:  [[  1.01046134e-03  -3.23629298e-05  -4.78269386e-05]
 [ -3.23629298e-05   1.17776829e-02  -9.21235009e-05]
 [ -4.78269386e-05  -9.21235009e-05   3.12972619e-06]]
### Snapshot:  53
Params:  [-2.58513174  5.75433245  0.52121526]
Cov. matrix:  [[  1.09237832e-03   3.17653693e-07  -5.20659611e-05]
 [  3.17653693e-07   1.22686610e-02  -9.66035873e-05]
 [ -5.20659611e-05  -9.66035873e-05   3.36722419e-06]]
### Snapshot:  54
Params:  [-2.66604131  5.85274265  0.52446921]
Cov. matrix:  [[  1.16742214e-03   6.51666618e-05  -5.62810139e-05]
 [  6.51666618e-05   1.26438232e-02  -1.04998492e-04]
 [ -5.62810139e-05  -1.04998492e-04   3.65819320e-06]]
### Snapshot:  55
Params:  [-2.65597292  6.2788276   0.52092339]
Cov. matrix:  [[  1.14900774e-03   3.25229927e-05  -5.32725927e-05]
 [  3.25229927e-05   1.49376137e-02  -1.07033951e-04]
 [ -5.32725927e-05  -1.07033951e-04   3.33264630e-06]]
### Snapshot:  56
Params:  [-2.61172569  6.52949124  0.51682606]
Cov. matrix:  [[  1.14926103e-03   1.77142937e-04  -5.32474796e-05]
 [  1.77142937e-04   1.59210056e-02  -1.10870777e-04]
 [ -5.32474796e-05  -1.10870777e-04   3.24116014e-06]]
### Snapshot:  57
Params:  [-2.52903651  6.68972191  0.51148435]
Cov. matrix:  [[  1.08164384e-03   8.81652639e-05  -4.88032909e-05]
 [  8.81652639e-05   1.67817048e-02  -1.03802239e-04]
 [ -4.88032909e-05  -1.03802239e-04   2.90064155e-06]]
### Snapshot:  58
Params:  [-2.62269051  6.48615456  0.51683142]
Cov. matrix:  [[  1.19501116e-03   1.76202223e-04  -5.52349968e-05]
 [  1.76202223e-04   1.57245617e-02  -1.11683073e-04]
 [ -5.52349968e-05  -1.11683073e-04   3.34499350e-06]]
### Snapshot:  59
Params:  [-2.59375661  6.60615611  0.51336404]
Cov. matrix:  [[  1.16190922e-03   6.82573712e-05  -5.22057246e-05]
 [  6.82573712e-05   1.65146668e-02  -1.06655367e-04]
 [ -5.22057246e-05  -1.06655367e-04   3.10267150e-06]]
### Snapshot:  60
Params:  [-2.60835758  6.31454699  0.51585291]
Cov. matrix:  [[  1.16206989e-03   2.52609733e-07  -5.27435198e-05]
 [  2.52609733e-07   1.50280780e-02  -1.03707328e-04]
 [ -5.27435198e-05  -1.03707328e-04   3.22130182e-06]]
### Snapshot:  61
Params:  [-2.63798463  6.34508208  0.51639306]
Cov. matrix:  [[  1.13627669e-03   3.33613211e-05  -5.15532185e-05]
 [  3.33613211e-05   1.46850791e-02  -1.03815572e-04]
 [ -5.15532185e-05  -1.03815572e-04   3.16079201e-06]]
### Snapshot:  62
Params:  [-2.56828374  6.22026475  0.51371508]
Cov. matrix:  [[  1.14468804e-03  -9.14986728e-05  -5.12059339e-05]
 [ -9.14986728e-05   1.46291633e-02  -9.90589032e-05]
 [ -5.12059339e-05  -9.90589032e-05   3.13337904e-06]]
### Snapshot:  63
Params:  [-2.58361057  6.29519817  0.51286878]
Cov. matrix:  [[  1.10057245e-03  -7.75591403e-05  -4.88838254e-05]
 [ -7.75591403e-05   1.45252741e-02  -9.71013449e-05]
 [ -4.88838254e-05  -9.71013449e-05   2.97665677e-06]]
### Snapshot:  64
Params:  [-2.5830549   6.25486275  0.51235132]
Cov. matrix:  [[  1.11431044e-03  -1.45386724e-05  -4.99375256e-05]
 [ -1.45386724e-05   1.51474901e-02  -1.05855684e-04]
 [ -4.99375256e-05  -1.05855684e-04   3.09845359e-06]]
### Snapshot:  65
Params:  [-2.70290856  6.35063716  0.51665214]
Cov. matrix:  [[  1.11072881e-03  -2.38321317e-05  -4.92767280e-05]
 [ -2.38321317e-05   1.48349112e-02  -1.06058513e-04]
 [ -4.92767280e-05  -1.06058513e-04   3.06512027e-06]]
### Snapshot:  66
Params:  [-2.64362401  6.35317276  0.51365294]
Cov. matrix:  [[  1.07624286e-03  -7.79427623e-05  -4.70320602e-05]
 [ -7.79427623e-05   1.50318455e-02  -1.01885817e-04]
 [ -4.70320602e-05  -1.01885817e-04   2.89961685e-06]]
### Snapshot:  67
Params:  [-2.69727029  6.28147276  0.51666491]
Cov. matrix:  [[  1.05151304e-03  -1.17387792e-04  -4.60538723e-05]
 [ -1.17387792e-04   1.40523242e-02  -9.87671569e-05]
 [ -4.60538723e-05  -9.87671569e-05   2.88946442e-06]]
### Snapshot:  68
Params:  [-2.71043024  6.26996663  0.51733291]
Cov. matrix:  [[  1.15552665e-03  -1.00993583e-04  -5.09215289e-05]
 [ -1.00993583e-04   1.56062605e-02  -1.13359186e-04]
 [ -5.09215289e-05  -1.13359186e-04   3.24350586e-06]]
### Snapshot:  69
Params:  [-2.71738303  6.45585238  0.51596734]
Cov. matrix:  [[  1.19821660e-03  -6.78406779e-05  -5.24355089e-05]
 [ -6.78406779e-05   1.64528498e-02  -1.14764336e-04]
 [ -5.24355089e-05  -1.14764336e-04   3.24517011e-06]]
### Snapshot:  70
Params:  [-2.68732263  6.53102448  0.51346252]
Cov. matrix:  [[  1.17543936e-03  -1.57184942e-04  -5.03319136e-05]
 [ -1.57184942e-04   1.67806924e-02  -1.09194243e-04]
 [ -5.03319136e-05  -1.09194243e-04   3.06358143e-06]]
### Snapshot:  71
Params:  [-2.72301247  6.49553136  0.5151577 ]
Cov. matrix:  [[  1.14017242e-03  -1.13345011e-04  -4.94152125e-05]
 [ -1.13345011e-04   1.58774585e-02  -1.09460478e-04]
 [ -4.94152125e-05  -1.09460478e-04   3.06669767e-06]]
### Snapshot:  72
Params:  [-2.70176017  7.05950896  0.51006426]
Cov. matrix:  [[  1.16455777e-03  -7.22072974e-05  -4.93577649e-05]
 [ -7.22072974e-05   1.90483618e-02  -1.14175019e-04]
 [ -4.93577649e-05  -1.14175019e-04   2.90864645e-06]]
### Snapshot:  73
Params:  [-2.83984621  6.81288748  0.51718995]
Cov. matrix:  [[  1.22754916e-03  -2.41415494e-04  -5.17508797e-05]
 [ -2.41415494e-04   1.73096702e-02  -1.10236437e-04]
 [ -5.17508797e-05  -1.10236437e-04   3.12083753e-06]]
### Snapshot:  74
Params:  [-2.87475622  6.70392467  0.51925023]
Cov. matrix:  [[  1.32486653e-03  -3.39040520e-04  -5.58821767e-05]
 [ -3.39040520e-04   1.75830405e-02  -1.13565651e-04]
 [ -5.58821767e-05  -1.13565651e-04   3.39868520e-06]]
### Snapshot:  75
Params:  [-2.84546645  6.76236738  0.51714878]
Cov. matrix:  [[  1.39326636e-03  -3.96773877e-04  -5.84475063e-05]
 [ -3.96773877e-04   1.81428147e-02  -1.11992651e-04]
 [ -5.84475063e-05  -1.11992651e-04   3.48241144e-06]]
### Snapshot:  76
Params:  [-2.82712009  6.73077197  0.51599625]
Cov. matrix:  [[  1.46419397e-03  -4.05617059e-04  -6.16256461e-05]
 [ -4.05617059e-04   1.89065878e-02  -1.17991949e-04]
 [ -6.16256461e-05  -1.17991949e-04   3.68121200e-06]]
### Snapshot:  77
Params:  [-2.84562041  6.86871773  0.5153584 ]
Cov. matrix:  [[  1.36014375e-03  -4.14267837e-04  -5.64354086e-05]
 [ -4.14267837e-04   1.91988308e-02  -1.16116417e-04]
 [ -5.64354086e-05  -1.16116417e-04   3.38257679e-06]]
### Snapshot:  78
Params:  [-2.85018857  6.84177895  0.51590207]
Cov. matrix:  [[  1.22802250e-03  -2.66424555e-04  -5.17753194e-05]
 [ -2.66424555e-04   1.72366410e-02  -1.10655416e-04]
 [ -5.17753194e-05  -1.10655416e-04   3.14788645e-06]]
### Snapshot:  79
Params:  [-2.84004093  6.98674496  0.51377624]
Cov. matrix:  [[  1.21771658e-03  -2.71902490e-04  -5.04599668e-05]
 [ -2.71902490e-04   1.85765764e-02  -1.14468286e-04]
 [ -5.04599668e-05  -1.14468286e-04   3.04102849e-06]]
### Snapshot:  80
Params:  [-2.79669827  6.99914994  0.51109159]
Cov. matrix:  [[  1.23276636e-03  -3.21706340e-04  -5.03613698e-05]
 [ -3.21706340e-04   1.97788516e-02  -1.18071051e-04]
 [ -5.03613698e-05  -1.18071051e-04   3.02676857e-06]]
### Snapshot:  81
Params:  [-2.90175831  6.64194233  0.51756915]
Cov. matrix:  [[  1.13823071e-03  -5.23860883e-04  -4.51542296e-05]
 [ -5.23860883e-04   1.60659552e-02  -9.91404048e-05]
 [ -4.51542296e-05  -9.91404048e-05   2.79138621e-06]]
### Snapshot:  82
Params:  [-2.86826482  6.56624232  0.51563307]
Cov. matrix:  [[  1.06700882e-03  -5.73789258e-04  -4.14015699e-05]
 [ -5.73789258e-04   1.52786219e-02  -9.07509452e-05]
 [ -4.14015699e-05  -9.07509452e-05   2.54875500e-06]]
### Snapshot:  83
Params:  [-2.90875573  6.20571174  0.5197565 ]
Cov. matrix:  [[  1.07429716e-03  -6.30646291e-04  -4.18929670e-05]
 [ -6.30646291e-04   1.33300590e-02  -8.61100427e-05]
 [ -4.18929670e-05  -8.61100427e-05   2.66941639e-06]]
### Snapshot:  84
Params:  [-2.90335465  6.18896075  0.51888649]
Cov. matrix:  [[  1.05694166e-03  -7.03019497e-04  -4.04539874e-05]
 [ -7.03019497e-04   1.37798255e-02  -8.71114310e-05]
 [ -4.04539874e-05  -8.71114310e-05   2.61728283e-06]]
### Snapshot:  85
Params:  [-2.93560871  6.22856771  0.519565  ]
Cov. matrix:  [[  1.13746597e-03  -7.44055829e-04  -4.35507752e-05]
 [ -7.44055829e-04   1.40891175e-02  -8.80621743e-05]
 [ -4.35507752e-05  -8.80621743e-05   2.76153155e-06]]
### Snapshot:  86
Params:  [-2.91871872  6.19548475  0.5191056 ]
Cov. matrix:  [[  1.16449805e-03  -8.93050262e-04  -4.34730404e-05]
 [ -8.93050262e-04   1.43203880e-02  -8.50782901e-05]
 [ -4.34730404e-05  -8.50782901e-05   2.74738977e-06]]
### Snapshot:  87
Params:  [-2.94038584  6.4177468   0.51778815]
Cov. matrix:  [[  1.28054170e-03  -9.17858724e-04  -4.80937676e-05]
 [ -9.17858724e-04   1.61828370e-02  -9.39020369e-05]
 [ -4.80937676e-05  -9.39020369e-05   2.96549760e-06]]
### Snapshot:  88
Params:  [-2.98986634  6.49551538  0.51927822]
Cov. matrix:  [[  1.25662288e-03  -9.33945077e-04  -4.68033354e-05]
 [ -9.33945077e-04   1.63889019e-02  -9.48252266e-05]
 [ -4.68033354e-05  -9.48252266e-05   2.90715971e-06]]
### Snapshot:  89
Params:  [-2.96110231  6.71381571  0.5161691 ]
Cov. matrix:  [[  1.35508630e-03  -9.80299099e-04  -5.05262662e-05]
 [ -9.80299099e-04   1.89466727e-02  -1.04011198e-04]
 [ -5.05262662e-05  -1.04011198e-04   3.06621226e-06]]
### Snapshot:  90
Params:  [-2.95981945  6.7463196   0.51597673]
Cov. matrix:  [[  1.31914615e-03  -9.22890638e-04  -4.94332348e-05]
 [ -9.22890638e-04   1.84061879e-02  -1.01416301e-04]
 [ -4.94332348e-05  -1.01416301e-04   2.98807418e-06]]
### Snapshot:  91
Params:  [-3.0740489   6.63391202  0.52149019]
Cov. matrix:  [[  1.48554562e-03  -8.12029493e-04  -5.79330226e-05]
 [ -8.12029493e-04   1.89407239e-02  -1.19721835e-04]
 [ -5.79330226e-05  -1.19721835e-04   3.60221000e-06]]
### Snapshot:  92
Params:  [-3.06631563  6.69717031  0.52062403]
Cov. matrix:  [[  1.52954534e-03  -8.00384393e-04  -5.99281781e-05]
 [ -8.00384393e-04   1.95323772e-02  -1.21758412e-04]
 [ -5.99281781e-05  -1.21758412e-04   3.67990351e-06]]
